1003471
1003472
1003475
1003476
1003477
1003478
1003996
1003997
1004008
1004009
1004576
1004577
1004584
1004585
1004960
1004961
1004962
1004963
1004964
1004965
10057
10058
1006923
1006924
1006925
1006926
1006927
1006928
1006929
1006930
1006931
1006932
10076
10077
10078
10079
1012673
1012674
1012677
1012678
10251
10252
10253
10254
10255
10256
10257
10258
10259
10260
10261
10262
1027306
1027307
1030290
1030291
1030292
1030293
1038914
1038915
1038925
1038926
1038927
1038928
1038929
1038930
1038933
1038934
1038935
1038936
1040746
1040747
1040748
1040749
1040750
1040751
1040752
1040753
1040786
1040787
106084
106085
106086
106087
106088
106089
1068843
1068844
1068845
1068846
1068847
1068848
1068853
1068854
1068970
1068971
1068972
1068973
1071135
1071136
11296
11297
11343
11344
11345
11346
11347
11348
123213
123214
123215
123216
123219
123220
123221
123222
123223
123224
123227
123228
123231
123232
123233
123234
123235
123236
123237
123238
12337
12338
12339
12340
12345
12346
12353
12354
12355
12356
12378
12379
12380
12381
12382
12383
12390
12391
12396
12397
12398
12399
12400
12401
12402
12403
12404
12405
12432
12433
12434
12435
12436
12437
12438
12439
12440
12441
127739
127740
127741
127742
127743
127744
138772
138773
138774
138775
138776
138777
138778
138779
138780
138781
174478
174479
174480
174481
174484
174485
183535
183536
183537
183538
190667
190668
190669
190670
193194
193195
193230
193231
196984
196985
197092
197093
197553
197555
197591
198107
198108
198111
198112
199170
199171
199247
199248
199251
199252
199253
199254
212827
212828
221473
221474
221475
221476
221477
221478
221479
221480
227739
227740
230912
230913
230914
230915
230918
230919
230920
230921
230923
230924
232546
232547
232548
232549
232550
232551
23296
23297
23298
23299
240746
240747
240983
240984
240985
240986
242935
242936
242949
242950
246864
246865
262554
262555
266914
266915
266972
266973
267008
267009
267069
267070
267071
267072
267073
267074
267075
267076
267079
267080
267083
267084
267097
267098
267101
267102
267145
267146
267170
267171
267194
267195
267208
267209
267214
267215
267246
267247
267258
267259
267276
267277
267294
267295
267300
267301
267302
267303
267422
267423
267426
267427
267434
267435
267444
267445
267456
267457
267458
267459
267460
267461
267462
267463
267464
267465
267466
267467
267533
267534
267557
267558
267577
267578
267708
267712
267713
267732
267733
267736
267737
267748
267749
267888
267889
269447
269448
269449
269450
2865
2866
2867
2868
2869
2870
2871
2872
2873
2874
2875
2876
2877
2878
2937
2938
296370
296371
296372
296373
296374
296375
296376
296377
296384
296385
302324
302325
311400
311401
311402
311403
316820
316821
316863
316864
316891
316892
316898
316899
328791
328792
328793
328794
328795
328796
346901
346902
347594
347595
347596
347597
347602
347603
360801
360802
367130
367131
368322
368323
368324
368325
368326
368327
368328
368329
369445
369446
369525
369526
378103
378104
378105
378106
378388
378389
378390
378391
378392
378393
378738
378739
393182
393183
393184
393185
393186
393187
394043
394044
394045
394046
394672
394673
394674
394675
394676
394677
400079
400080
400081
400082
401054
401055
401086
401087
401088
401089
401160
401161
401162
401163
401164
401165
402249
402250
402253
402254
402255
402256
402257
402258
402259
402260
402261
402262
405445
405446
405447
405448
406007
406008
407611
407612
407613
407614
407615
407616
407617
407618
411203
411204
411205
411206
417048
417049
417050
417051
417052
417053
417079
417080
417081
417082
417083
417084
417095
417096
417097
417098
417099
417100
418434
418435
418436
418437
418438
418439
418454
418455
419564
419565
419621
419622
419633
419634
419635
419636
419651
419652
419737
419738
423135
423136
423148
423149
423182
423183
423586
423587
423706
423707
423714
423715
423825
423826
43072
43073
43074
43075
43076
43077
43078
43079
43080
43081
43082
43083
43084
43085
43086
43087
43088
43089
43090
43091
4318
4319
4322
4323
4324
4325
4326
4327
4328
4329
4330
4331
4332
4333
436991
436992
436995
436996
443813
443814
443815
443816
443817
443818
443825
443826
443827
443828
457375
457376
457377
457378
457379
457380
457381
457382
457383
457384
457385
457386
457387
457388
457389
457390
459742
459743
459744
459745
459746
459747
459748
459749
459750
459751
459752
459753
459754
459755
459756
459757
459758
459759
459760
459761
459786
459787
459804
459805
459806
459807
459808
459809
459810
459811
459812
459813
459814
459815
459816
459817
459818
459819
465832
465833
465840
465841
465842
465843
486716
486717
486718
486719
486720
486721
486722
486723
486724
486725
486726
486727
486728
486729
486730
486731
486732
486733
489027
489028
4935
4936
496446
496447
496448
496449
496456
496457
496458
496459
496460
496461
496462
496463
501897
501898
501899
501900
530328
530329
530330
530331
530332
530333
530334
530335
530336
530337
530338
530339
530340
530341
530354
530355
531085
531086
534531
534532
541062
541063
541284
541285
541296
541297
541298
541299
541300
541301
541302
541303
541304
541305
541306
541307
541308
541309
541310
541311
546599
546600
546601
546602
546603
546604
546607
546608
548592
548593
548594
548595
548596
548597
548598
548599
548600
548601
548620
548621
548622
548623
548624
548625
555933
555934
555935
555936
557562
557563
560742
560743
560760
560761
56577
56578
56579
56580
567229
567230
567231
567232
567233
567234
567235
567236
567237
567238
567239
567240
57036
57037
57038
57039
57040
57041
57044
57045
57046
57047
57048
57049
57050
57051
573690
573691
573692
573693
573694
573695
573696
573697
573698
573699
573700
573701
573702
573703
573704
573705
573706
573707
573708
573709
573710
573711
584388
584389
584390
584391
587531
587532
587533
587534
587535
587536
587562
587563
587564
587565
588196
588197
588198
588199
589081
589082
593650
593651
593652
593653
594136
594137
594138
594139
594142
594143
594144
594145
594673
594674
594675
594676
594677
594678
594679
594680
59594
59595
59596
59597
59600
59601
59602
59603
59666
59667
59668
59669
59670
59671
59678
59679
59680
59681
59682
59683
59714
59715
59776
59777
59778
59779
59780
59781
59782
59783
59784
59785
59788
59789
59790
59791
59802
59803
59804
59805
598925
598926
599020
599021
599022
599023
599024
599025
599026
599027
599028
599029
600995
600996
600997
600998
602919
602920
604544
604545
606653
606654
608613
608614
612716
612717
612718
612719
612770
612771
612772
612773
612774
612775
612776
612777
621886
621887
622529
622530
622531
622532
622533
622534
633863
633864
633865
633866
634334
634335
643255
643256
643257
643258
643259
643260
644421
644422
649442
649443
649444
649445
650747
650748
650749
650750
650751
650752
650753
650754
650755
650756
650757
650758
650763
650764
650765
650766
650781
650782
650783
650784
653421
653422
653423
653424
677640
677641
677642
677643
682660
682661
682662
682663
683390
683391
684675
684676
684677
684678
684683
684684
684685
684686
687279
687280
687289
687290
687337
687338
687340
687341
687358
687359
687360
687361
689666
689667
691039
691040
691047
691048
691049
691050
691051
691052
692561
692562
692563
692564
692565
692566
692567
692568
692569
692570
692571
692572
692577
692578
692579
692580
692581
692582
695192
695193
695504
695505
695506
695507
695508
695509
695510
695511
695512
695513
695514
695515
695518
695519
695520
695521
695522
695523
695524
695525
695526
695527
695528
695529
695530
695531
695532
695533
695534
695535
695536
695537
696714
696715
696716
696717
70279
70280
70281
70282
70283
70284
70285
70286
703079
703080
703098
703099
703100
703101
703350
703351
703352
703353
703354
703355
703614
703615
703857
703858
703859
703860
703861
703862
708527
708528
708529
708530
708531
708532
708533
708534
709468
709476
720523
720524
720529
720530
722550
722551
722552
722553
722554
722555
722613
722614
722695
722696
722697
722698
724388
724389
732460
732461
732466
732467
732468
732469
732470
732471
732472
732473
732860
732862
732863
732864
732865
732866
732867
74323
74324
74325
74326
754510
754511
754512
754513
754514
754515
754516
754517
754518
754519
754520
754521
754528
754529
754530
754531
754532
754533
754534
754535
754536
754537
754540
754541
754548
754549
754554
754555
754556
754557
754558
754559
754560
754561
761177
761178
761179
761180
761181
761182
761183
761184
761185
761186
769630
769631
772123
772124
772201
772202
772203
772204
772240
772241
772242
772243
772244
772246
781949
781950
781951
781952
781953
781954
782627
782628
782629
782630
782631
782632
782633
782634
801311
801312
80215
80216
80217
80218
802343
802344
802345
802346
802347
802348
802349
802350
802351
802352
802353
802354
802355
802356
819075
819076
819544
819545
820296
820297
820298
820299
820330
820331
822554
822555
822570
822571
822572
822573
822574
822575
822835
822836
822842
822843
837161
837162
837163
837164
837165
837166
837167
837168
837171
837172
839363
839364
842175
842176
842727
842728
859199
859200
859210
859211
859212
859213
863960
863961
864784
864785
864786
864787
867246
867247
867254
867255
867319
867320
867966
867967
867968
867969
870115
870116
870117
870118
870368
870369
870376
870377
870378
870379
870401
870402
870403
870404
870405
870406
875086
875087
875088
875089
876626
876627
876655
876656
876663
876664
876665
876666
876740
876741
876742
876743
876744
876745
876746
876747
876748
876749
876750
876751
876752
876753
876754
876755
876756
876757
876758
876759
876760
876761
876762
876763
876764
876765
876766
876767
876768
876769
876774
876775
876776
876777
876781
876782
876783
876784
876785
876786
893313
893314
896879
896880
896881
896882
896883
896884
896885
896886
896887
896888
896889
896890
896891
896892
896893
896894
896895
896896
896949
896950
897020
897021
897022
897023
897024
897025
897026
897027
897028
897029
897030
897031
897032
897033
897034
897035
897036
897037
897038
897039
897049
897050
897051
897052
897053
897054
897055
897056
908122
908123
908870
908871
908872
908873
908874
908875
908876
908877
908878
908879
908880
908881
908883
908884
914311
914312
914754
914755
914756
914757
922422
922423
927714
927715
927721
927722
928199
928200
928201
928202
928215
928216
929504
929505
929506
929507
934345
934346
934347
934348
934349
934350
934351
934352
950055
950056
950057
950058
950059
950060
95198
95199
95200
95201
95202
95203
95204
95205
952690
952691
952692
952693
954230
954231
955558
955560
955562
956626
956627
956628
956629
956630
956631
956632
956633
956636
956637
959817
959818
959819
959820
960107
960108
963335
963336
963337
963338
96710
96711
96758
967585
967586
967587
967588
96759
968945
968946
970859
970860
970861
970862
970863
970864
970869
970870
977556
977557
977558
977559
977744
977745
977958
977959
983756
983757
983758
983759
983760
983761
985940
985941
985944
985945
986183
986184
986185
986186
990410
990411
993248
993249
993250
993251
993252
993253
993347
993348
995449
995450
996479
996480
996481
996482
996483
996484
996773
996774
996781
996782
996783
996784
996787
996788
pt_653421_876663
pt_653422_876663
pt_8014587
pt_8014587_pt_8506165
pt_8014587_pt_8531257
pt_8014613
pt_8014613_pt_8530834
pt_8014614
pt_8014614_pt_8014613
pt_8506110
pt_8506110_pt_8506112
pt_8506112
pt_8506112_pt_8014614
pt_8506112_pt_8506110
pt_8506112_pt_8530835
pt_8506152
pt_8506152_pt_8506153
pt_8506153
pt_8506153_pt_8506154
pt_8506154
pt_8506154_pt_8506153
pt_8506154_pt_8506155
pt_8506155
pt_8506155_pt_8506154
pt_8506155_pt_8506156
pt_8506156
pt_8506156_pt_8506155
pt_8506156_pt_8506189
pt_8506157
pt_8506157_pt_8506158
pt_8506157_pt_8506189
pt_8506158
pt_8506158_pt_8506157
pt_8506158_pt_8506159
pt_8506159
pt_8506159_pt_8506158
pt_8506159_pt_8506160
pt_8506160
pt_8506160_pt_8506159
pt_8506160_pt_8506161
pt_8506161
pt_8506161_pt_8506160
pt_8506161_pt_8506162
pt_8506162
pt_8506162_pt_8506161
pt_8506162_pt_8506163
pt_8506163
pt_8506163_pt_8506162
pt_8506163_pt_8531257
pt_8506165
pt_8506165_pt_8014587
pt_8506165_pt_8530720
pt_8506189
pt_8506189_pt_8506156
pt_8506189_pt_8506157
pt_8506346
pt_8530720
pt_8530720_pt_8506165
pt_8530720_pt_8530834
pt_8530834
pt_8530834_pt_8530720
pt_8530834_pt_8530835
pt_8530834_pt_8595982
pt_8530835
pt_8530835_pt_8506112
pt_8530835_pt_8530834
pt_8531257
pt_8531257_pt_8014587
pt_8531257_pt_8506163
pt_8595982
pt_8595982_pt_8506112
pt_876664_653422